4294967278,48
4294967278,47
4294967278,203
37,11
4294967278,49
4294967279,60
4294967279,58
37,10
4294967279,420
4294967278,335
14,9
14,8
14,7
4294967279,419
9,1
14,5
4294967278,201
4294967279,418
4294967278,290
4294967278,289
4294967279,55
4294967279,53
4294967279,52
4294967279,49
4294967278,198
4294967279,417
4294967278,197
4294967279,416
4294967279,415
4294967294,472
14,1
4294967278,196
4294967279,410
4294967279,406
4294967279,48
4294967279,47
4294967279,46
4294967279,44
4294967279,43
4294967279,42
4294967279,40
4294967279,39
4294967279,37
4294967279,34
4294967279,32
4294967279,30
4294967279,28
4294967279,26
4294967279,25
4294967279,24
4294967279,22
4294967279,21
4294967279,20
4294967279,19
4294967278,334
4294967294,388
4294967294,409
4294967294,395
4294967294,413
4294967294,1437
4294967294,1421
4294967294,399
4294967294,407
4294967294,1018
4294967294,179
4294967294,384
4294967294,425
4294967294,599
4294967294,168
4294967294,113
4294967294,461
4294967294,169
4294967294,116
4294967294,40
4294967294,38
4294967294,37
4294967278,333
4294967279,414
4294967278,329
4294967278,191
4294967278,190
4294967278,187
53,6
4294967278,189
53,5
53,4
4294967278,188
53,3
53,2
53,1
4294967278,328
4294967279,413
4294967278,327
4294967278,332
4294967278,0
4294967278,182
4294967278,181
4294967278,180
52,6
52,5
4294967278,179
52,4
52,3
52,2
52,1
4294967278,178
4294967279,16
4294967279,15
4294967279,14
4294967279,13
4294967279,11
4294967294,36
4294967294,41
4294967294,39
4294967294,42
4294967294,29
4294967294,393
4294967294,1425
4294967294,46
4294967294,390
4294967294,426
4294967294,115
4294967294,2
4294967278,325
4294967278,324
4294967294,0
4294967294,975
4294967294,186
4294967294,1
4294967294,430
4294967294,44
4294967279,402
4294967294,45
4294967294,53
4294967294,417
4294967278,172
4294967278,171
4294967278,170
4294967278,169
4294967278,168
4294967294,76
4294967294,107
4294967294,99
4294967294,82
4294967294,1433
4294967294,1429
4294967294,86
4294967294,85
4294967294,83
4294967294,92
4294967294,91
4294967294,90
4294967294,88
4294967294,87
4294967294,84
4294967294,1022
4294967294,988
4294967294,1019
4294967294,419
4294967294,28
4294967294,1423
4294967278,308
4294967279,403
4294967279,396
4294967279,260
4294967278,163
4294967279,163
4294967294,96
4294967294,94
4294967279,162
4294967279,295
4294967294,9
4294967294,8
0,7
6,4
4294967294,12
4294967294,1426
4294967294,27
4294967294,68
4294967294,11
42,7
42,5
3,5
42,1
20,4
4294967294,5
39,4
14,6
34,5
4,4
41,7
42,6
42,4
37,4
8,4
33,4
22,4
9,4
9,5
11,5
12,5
37,8
43,4
41,4
4294967294,1427
4294967294,470
4294967294,1020
4294967294,1428
4294967294,1035
4294967294,394
4294967294,24
4294967294,25
4294967294,476
4294967294,475
4294967294,1422
4294967294,473
4294967294,1038
14,4
4294967294,1436
4294967278,331
34,4
4294967294,7
4294967294,93
4294967294,95
4294967294,22
4294967294,17
4294967294,67
4294967294,1434
4294967294,43
4294967294,51
4294967294,52
4294967294,474
4294967294,1435
4294967294,26
4294967294,1420
4294967278,132
4294967278,131
4294967278,130
4294967278,129
4294967278,128
4294967278,127
4294967278,126
4294967278,125
4294967278,124
4294967278,123
4294967278,122
4294967278,121
4294967278,120
4294967278,119
4294967278,118
4294967278,117
4294967278,116
4294967278,115
4294967278,114
4294967278,113
4294967278,112
4294967278,111
4294967278,110
4294967278,109
4294967278,108
4294967278,107
4294967278,106
4294967278,105
4294967278,104
4294967278,103
4294967278,102
4294967278,101
4294967278,100
4294967278,99
4294967278,98
4294967278,97
4294967278,96
4294967278,95
4294967278,94
4294967278,93
4294967278,92
4294967278,91
4294967278,90
4294967278,89
4294967278,87
4294967278,86
4294967278,85
4294967278,84
4294967278,83
4294967278,82
4294967278,81
4294967278,80
4294967278,79
4294967278,78
4294967278,77
4294967278,76
4294967278,75
4294967278,74
4294967278,73
4294967278,72
4294967278,71
4294967278,70
4294967278,69
4294967278,68
4294967278,67
4294967278,66
4294967278,65
4294967278,64
4294967278,63
4294967278,62
4294967278,61
4294967278,60
4294967278,59
4294967278,58
